       Value   Percentile   TotalCount 1/(1-Percentile)

      50.495     0.000000            1         1.00
     151.679     0.100000         1264         1.11
     201.983     0.200000         2473         1.25
     253.311     0.300000         3697         1.43
     303.103     0.400000         5013         1.67
     303.871     0.500000         6437         2.00
     304.383     0.550000         6759         2.22
     353.535     0.600000         7454         2.50
     354.047     0.650000         8078         2.86
     403.967     0.700000         8571         3.33
     556.031     0.750000         9187         4.00
     655.359     0.775000         9505         4.44
     707.071     0.800000         9793         5.00
     807.935     0.825000        10107         5.71
     908.799     0.850000        10411         6.67
    1058.815     0.875000        10707         8.00
    1163.263     0.887500        10855         8.89
    1275.903     0.900000        11008        10.00
    1394.687     0.912500        11159        11.43
    1474.559     0.925000        11312        13.33
    1583.103     0.937500        11465        16.00
    1617.919     0.943750        11545        17.78
    1705.983     0.950000        11618        20.00
    1830.911     0.956250        11695        22.86
    1908.735     0.962500        11771        26.67
    1971.199     0.968750        11848        32.00
    2026.495     0.971875        11886        35.56
    2113.535     0.975000        11924        40.00
    2209.791     0.978125        11962        45.71
    2295.807     0.981250        12000        53.33
    2449.407     0.984375        12038        64.00
    2533.375     0.985938        12060        71.11
    2621.439     0.987500        12077        80.00
    2725.887     0.989062        12096        91.43
    2826.239     0.990625        12116       106.67
    2979.839     0.992188        12134       128.00
    3076.095     0.992969        12144       142.22
    3180.543     0.993750        12153       160.00
    3325.951     0.994531        12163       182.86
    3483.647     0.995313        12172       213.33
    3790.847     0.996094        12182       256.00
    3950.591     0.996484        12187       284.44
    4046.847     0.996875        12192       320.00
    4210.687     0.997266        12196       365.71
    4386.815     0.997656        12201       426.67
    4509.695     0.998047        12206       512.00
    4554.751     0.998242        12208       568.89
    4657.151     0.998437        12210       640.00
    4890.623     0.998633        12213       731.43
    4993.023     0.998828        12215       853.33
    5107.711     0.999023        12218      1024.00
    5292.031     0.999121        12219      1137.78
    5304.319     0.999219        12220      1280.00
    5427.199     0.999316        12221      1462.86
    5459.967     0.999414        12222      1706.67
    6049.791     0.999512        12224      2048.00
    6049.791     0.999561        12224      2275.56
    6156.287     0.999609        12225      2560.00
    6156.287     0.999658        12225      2925.71
    6348.799     0.999707        12226      3413.33
    7290.879     0.999756        12227      4096.00
    7290.879     0.999780        12227      4551.11
    7290.879     0.999805        12227      5120.00
    7290.879     0.999829        12227      5851.43
    8187.903     0.999854        12228      6826.67
    8187.903     0.999878        12228      8192.00
    8187.903     0.999890        12228      9102.22
    8187.903     0.999902        12228     10240.00
    8187.903     0.999915        12228     11702.86
    8929.279     0.999927        12229     13653.33
    8929.279     1.000000        12229          inf
#[Mean    =      518.558, StdDeviation   =      589.867]
#[Max     =     8921.088, Total count    =        12229]
#[Buckets =           27, SubBuckets     =         2048]