       Value   Percentile   TotalCount 1/(1-Percentile)

      80.575     0.000000            1         1.00
     162.175     0.100000         1227         1.11
     322.815     0.200000         2691         1.25
     402.687     0.300000         3750         1.43
     563.199     0.400000         4910         1.67
     645.119     0.500000         6110         2.00
     891.391     0.550000         6709         2.22
    1127.423     0.600000         7355         2.50
    1380.351     0.650000         7926         2.86
    1702.911     0.700000         8534         3.33
    2022.399     0.750000         9144         4.00
    2197.503     0.775000         9449         4.44
    2387.967     0.800000         9753         5.00
    2598.911     0.825000        10060         5.71
    2859.007     0.850000        10374         6.67
    2947.071     0.875000        10672         8.00
    3086.335     0.887500        10820         8.89
    3266.559     0.900000        10976        10.00
    3422.207     0.912500        11125        11.43
    3618.815     0.925000        11277        13.33
    3866.623     0.937500        11432        16.00
    4042.751     0.943750        11508        17.78
    4231.167     0.950000        11585        20.00
    4456.447     0.956250        11658        22.86
    4808.703     0.962500        11734        26.67
    5357.567     0.968750        11812        32.00
    5689.343     0.971875        11849        35.56
    5935.103     0.975000        11887        40.00
    6410.239     0.978125        11925        45.71
    6856.703     0.981250        11964        53.33
    7348.223     0.984375        12001        64.00
    7737.343     0.985938        12020        71.11
    8146.943     0.987500        12039        80.00
    8724.479     0.989062        12058        91.43
   10108.927     0.990625        12077       106.67
   13017.087     0.992188        12096       128.00
   16285.695     0.992969        12106       142.22
   19578.879     0.993750        12115       160.00
   23576.575     0.994531        12125       182.86
   25313.279     0.995313        12134       213.33
   34111.487     0.996094        12144       256.00
   39682.047     0.996484        12149       284.44
   41680.895     0.996875        12153       320.00
   46137.343     0.997266        12158       365.71
   50954.239     0.997656        12163       426.67
   54951.935     0.998047        12168       512.00
   57114.623     0.998242        12170       568.89
   58195.967     0.998437        12172       640.00
   60096.511     0.998633        12175       731.43
   61472.767     0.998828        12177       853.33
   63700.991     0.999023        12180      1024.00
   64389.119     0.999121        12181      1137.78
   64782.335     0.999219        12182      1280.00
   66224.127     0.999316        12183      1462.86
   66945.023     0.999414        12184      1706.67
   67895.295     0.999512        12186      2048.00
   67895.295     0.999561        12186      2275.56
   68550.655     0.999609        12187      2560.00
   68550.655     0.999658        12187      2925.71
   68878.335     0.999707        12188      3413.33
   69206.015     0.999756        12189      4096.00
   69206.015     0.999780        12189      4551.11
   69206.015     0.999805        12189      5120.00
   69206.015     0.999829        12189      5851.43
   69861.375     0.999854        12190      6826.67
   69861.375     0.999878        12190      8192.00
   69861.375     0.999890        12190      9102.22
   69861.375     0.999902        12190     10240.00
   69861.375     0.999915        12190     11702.86
   70189.055     0.999927        12191     13653.33
   70189.055     1.000000        12191          inf
#[Mean    =     1619.630, StdDeviation   =     3875.427]
#[Max     =    70123.520, Total count    =        12191]
#[Buckets =           27, SubBuckets     =         2048]