       Value   Percentile   TotalCount 1/(1-Percentile)

      50.559     0.000000            3         1.00
     151.679     0.100000         1241         1.11
     201.983     0.200000         2467         1.25
     253.183     0.300000         3670         1.43
     303.103     0.400000         5038         1.67
     303.871     0.500000         6464         2.00
     304.383     0.550000         6776         2.22
     353.535     0.600000         7541         2.50
     354.047     0.650000         8148         2.86
     355.071     0.700000         8587         3.33
     509.695     0.750000         9174         4.00
     606.207     0.775000         9499         4.44
     706.047     0.800000         9795         5.00
     807.423     0.825000        10122         5.71
     908.799     0.850000        10406         6.67
    1059.839     0.875000        10714         8.00
    1184.767     0.887500        10856         8.89
    1282.047     0.900000        11010        10.00
    1382.399     0.912500        11162        11.43
    1505.279     0.925000        11317        13.33
    1613.823     0.937500        11468        16.00
    1672.191     0.943750        11544        17.78
    1780.735     0.950000        11621        20.00
    1872.895     0.956250        11699        22.86
    1934.335     0.962500        11776        26.67
    2033.663     0.968750        11850        32.00
    2113.535     0.971875        11888        35.56
    2174.975     0.975000        11927        40.00
    2273.279     0.978125        11965        45.71
    2416.639     0.981250        12003        53.33
    2574.335     0.984375        12041        64.00
    2650.111     0.985938        12060        71.11
    2715.647     0.987500        12080        80.00
    2836.479     0.989062        12099        91.43
    2957.311     0.990625        12118       106.67
    3090.431     0.992188        12137       128.00
    3241.983     0.992969        12146       142.22
    3327.999     0.993750        12156       160.00
    3540.991     0.994531        12167       182.86
    3762.175     0.995313        12175       213.33
    4046.847     0.996094        12185       256.00
    4149.247     0.996484        12189       284.44
    4407.295     0.996875        12194       320.00
    4587.519     0.997266        12199       365.71
    4726.783     0.997656        12204       426.67
    4808.703     0.998047        12209       512.00
    4939.775     0.998242        12212       568.89
    4956.159     0.998437        12213       640.00
    5144.575     0.998633        12216       731.43
    5513.215     0.998828        12218       853.33
    5648.383     0.999023        12221      1024.00
    5681.151     0.999121        12222      1137.78
    5754.879     0.999219        12223      1280.00
    5906.431     0.999316        12224      1462.86
    5959.679     0.999414        12225      1706.67
    6094.847     0.999512        12227      2048.00
    6094.847     0.999561        12227      2275.56
    6316.031     0.999609        12228      2560.00
    6316.031     0.999658        12228      2925.71
    6488.063     0.999707        12229      3413.33
    6504.447     0.999756        12230      4096.00
    6504.447     0.999780        12230      4551.11
    6504.447     0.999805        12230      5120.00
    6504.447     0.999829        12230      5851.43
    7012.351     0.999854        12231      6826.67
    7012.351     0.999878        12231      8192.00
    7012.351     0.999890        12231      9102.22
    7012.351     0.999902        12231     10240.00
    7012.351     0.999915        12231     11702.86
    7229.439     0.999927        12232     13653.33
    7229.439     1.000000        12232          inf
#[Mean    =      520.205, StdDeviation   =      610.200]
#[Max     =     7225.344, Total count    =        12232]
#[Buckets =           27, SubBuckets     =         2048]