       Value   Percentile   TotalCount 1/(1-Percentile)

      58.303     0.000000            1         1.00
      86.079     0.100000        14586         1.11
      90.111     0.200000        29279         1.25
      92.863     0.300000        44080         1.43
      95.039     0.400000        58594         1.67
      97.023     0.500000        72954         2.00
      98.111     0.550000        80559         2.22
      99.199     0.600000        87523         2.50
     100.479     0.650000        94785         2.86
     102.079     0.700000       102130         3.33
     104.383     0.750000       109452         4.00
     106.239     0.775000       113043         4.44
     111.871     0.800000       116649         5.00
     167.551     0.825000       120301         5.71
     279.551     0.850000       123942         6.67
     750.079     0.875000       127586         8.00
    1265.663     0.887500       129412         8.89
    1752.063     0.900000       131231        10.00
    2250.751     0.912500       133060        11.43
    2865.151     0.925000       134877        13.33
    3637.247     0.937500       136700        16.00
    4079.615     0.943750       137610        17.78
    4517.887     0.950000       138529        20.00
    4927.487     0.956250       139434        22.86
    5324.799     0.962500       140352        26.67
    5779.455     0.968750       141255        32.00
    6000.639     0.971875       141722        35.56
    6213.631     0.975000       142168        40.00
    6471.679     0.978125       142624        45.71
    6754.303     0.981250       143078        53.33
    6991.871     0.984375       143535        64.00
    7131.135     0.985938       143762        71.11
    7241.727     0.987500       144000        80.00
    7393.279     0.989062       144218        91.43
    7577.599     0.990625       144448       106.67
    7839.743     0.992188       144672       128.00
    7983.103     0.992969       144786       142.22
    8134.655     0.993750       144902       160.00
    8269.823     0.994531       145015       182.86
    8454.143     0.995313       145128       213.33
    8904.703     0.996094       145243       256.00
    9273.343     0.996484       145299       284.44
    9691.135     0.996875       145356       320.00
    9854.975     0.997266       145416       365.71
   10051.583     0.997656       145470       426.67
   10477.567     0.998047       145527       512.00
   10731.519     0.998242       145555       568.89
   10903.551     0.998437       145584       640.00
   11059.199     0.998633       145612       731.43
   11157.503     0.998828       145641       853.33
   11862.015     0.999023       145669      1024.00
   12574.719     0.999121       145683      1137.78
   13295.615     0.999219       145698      1280.00
   13991.935     0.999316       145712      1462.86
   14671.871     0.999414       145726      1706.67
   15335.423     0.999512       145740      2048.00
   15671.295     0.999561       145747      2275.56
   15753.215     0.999609       145755      2560.00
   15810.559     0.999658       145762      2925.71
   15843.327     0.999707       145769      3413.33
   15867.903     0.999756       145776      4096.00
   15876.095     0.999780       145781      4551.11
   15892.479     0.999805       145784      5120.00
   15900.671     0.999829       145788      5851.43
   15908.863     0.999854       145791      6826.67
   15925.247     0.999878       145794      8192.00
   15933.439     0.999890       145796      9102.22
   15941.631     0.999902       145797     10240.00
   15958.015     0.999915       145799     11702.86
   15966.207     0.999927       145801     13653.33
   15974.399     0.999939       145804     16384.00
   15974.399     0.999945       145804     18204.44
   15974.399     0.999951       145804     20480.00
   15982.591     0.999957       145805     23405.71
   15990.783     0.999963       145807     27306.67
   15990.783     0.999969       145807     32768.00
   15990.783     0.999973       145807     36408.89
   15998.975     0.999976       145808     40960.00
   15998.975     0.999979       145808     46811.43
   16007.167     0.999982       145809     54613.33
   16007.167     0.999985       145809     65536.00
   16007.167     0.999986       145809     72817.78
   16015.359     0.999988       145810     81920.00
   16015.359     0.999989       145810     93622.86
   16015.359     0.999991       145810    109226.67
   16015.359     0.999992       145810    131072.00
   16015.359     0.999993       145810    145635.56
   16023.551     0.999994       145811    163840.00
   16023.551     1.000000       145811          inf
#[Mean    =      604.654, StdDeviation   =     1580.023]
#[Max     =    16015.360, Total count    =       145811]
#[Buckets =           27, SubBuckets     =         2048]