       Value   Percentile   TotalCount 1/(1-Percentile)

      80.575     0.000000            2         1.00
     162.431     0.100000         1247         1.11
     322.815     0.200000         2535         1.25
     402.943     0.300000         3692         1.43
     563.711     0.400000         4940         1.67
     804.863     0.500000         6128         2.00
     967.167     0.550000         6717         2.22
    1198.079     0.600000         7322         2.50
    1448.959     0.650000         7948         2.86
    1769.471     0.700000         8548         3.33
    2073.599     0.750000         9154         4.00
    2252.799     0.775000         9466         4.44
    2424.831     0.800000         9765         5.00
    2623.487     0.825000        10071         5.71
    2852.863     0.850000        10374         6.67
    2949.119     0.875000        10681         8.00
    3059.711     0.887500        10832         8.89
    3223.551     0.900000        10985        10.00
    3350.527     0.912500        11141        11.43
    3522.559     0.925000        11289        13.33
    3747.839     0.937500        11441        16.00
    3874.815     0.943750        11519        17.78
    4005.887     0.950000        11593        20.00
    4184.063     0.956250        11670        22.86
    4395.007     0.962500        11746        26.67
    4677.631     0.968750        11824        32.00
    4866.047     0.971875        11861        35.56
    5087.231     0.975000        11900        40.00
    5279.743     0.978125        11937        45.71
    5562.367     0.981250        11975        53.33
    5799.935     0.984375        12013        64.00
    5980.159     0.985938        12032        71.11
    6143.999     0.987500        12052        80.00
    6348.799     0.989062        12070        91.43
    6733.823     0.990625        12089       106.67
    7053.311     0.992188        12108       128.00
    7331.839     0.992969        12119       142.22
    7520.255     0.993750        12127       160.00
    7729.151     0.994531        12137       182.86
    7876.607     0.995313        12146       213.33
    8060.927     0.996094        12156       256.00
    8298.495     0.996484        12161       284.44
    8454.143     0.996875        12166       320.00
    8773.631     0.997266        12170       365.71
    9101.311     0.997656        12175       426.67
    9306.111     0.998047        12180       512.00
    9494.527     0.998242        12182       568.89
    9707.519     0.998437        12185       640.00
   10010.623     0.998633        12187       731.43
   10199.039     0.998828        12189       853.33
   10395.647     0.999023        12192      1024.00
   10436.607     0.999121        12193      1137.78
   10543.103     0.999219        12194      1280.00
   10723.327     0.999316        12195      1462.86
   11067.391     0.999414        12196      1706.67
   11304.959     0.999512        12198      2048.00
   11304.959     0.999561        12198      2275.56
   11755.519     0.999609        12199      2560.00
   11755.519     0.999658        12199      2925.71
   11780.095     0.999707        12200      3413.33
   11943.935     0.999756        12201      4096.00
   11943.935     0.999780        12201      4551.11
   11943.935     0.999805        12201      5120.00
   11943.935     0.999829        12201      5851.43
   11952.127     0.999854        12202      6826.67
   11952.127     0.999878        12202      8192.00
   11952.127     0.999890        12202      9102.22
   11952.127     0.999902        12202     10240.00
   11952.127     0.999915        12202     11702.86
   13295.615     0.999927        12203     13653.33
   13295.615     1.000000        12203          inf
#[Mean    =     1371.068, StdDeviation   =     1434.155]
#[Max     =    13287.424, Total count    =        12203]
#[Buckets =           27, SubBuckets     =         2048]