647
92
699
140
241
102
244
1995
217
790
345
208
1331
196
36
840
840
237
619
244
51
55
55
198
198
185
185
1995
163
456
48
300
122
547
547
300
168
273
273
295
295
395
307
52
499
369
570
431
72
514
739
840
490
227
283
111
237
581
1094
326
73
104
452
300
104
104
1411
38
194
651
166,67
56
971
27
121,231
127
32,840
28,98
619
171,113
32,171
85,332
456
456
124,234
134,152
547
385
182,96
1995
823
127,135
76,66
81
65
744
127
294
92,168
196,112,54
38,96
602,44
753,1094
112,81
452
744
369
699,581,321
117
54,127,82,496
82
61,136
380,459,58
46,619
1094
241,938,35
90,109,313
80
221
452
670,1411,452
261,93,1012,938
133,295,670,2120
111
38,96
724
133,670,2120
196
109,106,116
103,113,724
254,36,69,34,43,39,46
117,29,140,289
17,47,50,122
241,51,938,81,112,83,346
185,244,78,844,105,124
62,636,193,20,83,346,26
699,211,402,464,2552,753,1094
112,51,261,93,94,938,112,73
49,229,1066,822,614,362,130,141,60
117,223,84,92,140,289