Running 1m test @ http://192.168.6.1:80/
  4 threads and 200 connections
  Thread calibration: mean lat.: 41.664ms, rate sampling interval: 121ms
  Thread calibration: mean lat.: 41.077ms, rate sampling interval: 122ms
  Thread calibration: mean lat.: 39.269ms, rate sampling interval: 121ms
  Thread calibration: mean lat.: 40.440ms, rate sampling interval: 121ms
  Thread Stats   Avg      Stdev     Max   +/- Stdev
    Latency    36.56ms   60.76ms   1.90s    97.57%
    Req/Sec   200.37     16.52   272.00     74.59%
  Latency Distribution (HdrHistogram - Recorded Latency)
 50.000%   21.81ms
 75.000%   41.25ms
 90.000%   46.81ms
 99.000%  202.62ms
 99.900%  949.76ms
 99.990%    1.68s 
 99.999%    1.90s 
100.000%    1.90s 

  Detailed Percentile spectrum:
       Value   Percentile   TotalCount 1/(1-Percentile)

      20.255     0.000000            1         1.00
      20.751     0.100000         4143         1.11
      20.975     0.200000         7979         1.25
      21.183     0.300000        12059         1.43
      21.407     0.400000        15957         1.67
      21.807     0.500000        19924         2.00
      22.383     0.550000        21918         2.22
      24.543     0.600000        23885         2.50
      40.447     0.650000        25872         2.86
      40.959     0.700000        28013         3.33
      41.247     0.750000        29990         4.00
      41.375     0.775000        30882         4.44
      41.535     0.800000        31905         5.00
      41.791     0.825000        32897         5.71
      42.143     0.850000        33836         6.67
      43.551     0.875000        34833         8.00
      44.991     0.887500        35329         8.89
      46.815     0.900000        35828        10.00
      49.247     0.912500        36322        11.43
      61.215     0.925000        36835        13.33
      61.887     0.937500        37330        16.00
      62.687     0.943750        37565        17.78
      65.727     0.950000        37812        20.00
      80.959     0.956250        38062        22.86
      81.855     0.962500        38314        26.67
      83.071     0.968750        38561        32.00
      85.631     0.971875        38684        35.56
      92.031     0.975000        38807        40.00
     104.319     0.978125        38932        45.71
     124.479     0.981250        39056        53.33
     145.023     0.984375        39185        64.00
     159.999     0.985938        39243        71.11
     170.623     0.987500        39306        80.00
     191.231     0.989062        39367        91.43
     209.023     0.990625        39429       106.67
     254.847     0.992188        39492       128.00
     284.927     0.992969        39524       142.22
     310.783     0.993750        39554       160.00
     347.903     0.994531        39585       182.86
     391.167     0.995313        39616       213.33
     459.263     0.996094        39648       256.00
     497.407     0.996484        39663       284.44
     554.495     0.996875        39678       320.00
     612.863     0.997266        39694       365.71
     658.431     0.997656        39709       426.67
     712.703     0.998047        39725       512.00
     753.151     0.998242        39733       568.89
     799.743     0.998437        39740       640.00
     850.943     0.998633        39748       731.43
     904.191     0.998828        39756       853.33
     956.415     0.999023        39764      1024.00
    1000.447     0.999121        39768      1137.78
    1080.319     0.999219        39771      1280.00
    1123.327     0.999316        39775      1462.86
    1172.479     0.999414        39779      1706.67
    1213.439     0.999512        39783      2048.00
    1310.719     0.999561        39785      2275.56
    1362.943     0.999609        39787      2560.00
    1386.495     0.999658        39789      2925.71
    1410.047     0.999707        39791      3413.33
    1442.815     0.999756        39793      4096.00
    1446.911     0.999780        39794      4551.11
    1576.959     0.999805        39795      5120.00
    1592.319     0.999829        39796      5851.43
    1672.191     0.999854        39797      6826.67
    1675.263     0.999878        39798      8192.00
    1675.263     0.999890        39798      9102.22
    1806.335     0.999902        39799     10240.00
    1806.335     0.999915        39799     11702.86
    1821.695     0.999927        39800     13653.33
    1821.695     0.999939        39800     16384.00
    1821.695     0.999945        39800     18204.44
    1901.567     0.999951        39801     20480.00
    1901.567     0.999957        39801     23405.71
    1901.567     0.999963        39801     27306.67
    1901.567     0.999969        39801     32768.00
    1901.567     0.999973        39801     36408.89
    1904.639     0.999976        39802     40960.00
    1904.639     1.000000        39802          inf
#[Mean    =       36.564, StdDeviation   =       60.761]
#[Max     =     1903.616, Total count    =        39802]
#[Buckets =           27, SubBuckets     =         2048]
----------------------------------------------------------
  47976 requests in 1.00m, 5.69GB read
Requests/sec:    799.57
Transfer/sec:     97.10MB
