Running 1m test @ http://192.168.6.1/
  4 threads and 200 connections
  Thread calibration: mean lat.: 150.015ms, rate sampling interval: 322ms
  Thread calibration: mean lat.: 132.785ms, rate sampling interval: 325ms
  Thread calibration: mean lat.: 107.552ms, rate sampling interval: 287ms
  Thread calibration: mean lat.: 133.213ms, rate sampling interval: 442ms
  Thread Stats   Avg      Stdev     Max   +/- Stdev
    Latency   113.80ms  228.88ms   4.20s    97.59%
    Req/Sec   500.64      9.56   529.00     73.65%
  Latency Distribution (HdrHistogram - Recorded Latency)
 50.000%   81.28ms
 75.000%   81.73ms
 90.000%   83.71ms
 99.000%    1.38s 
 99.900%    2.75s 
 99.990%    4.01s 
 99.999%    4.19s 
100.000%    4.21s 

  Detailed Percentile spectrum:
       Value   Percentile   TotalCount 1/(1-Percentile)

      80.319     0.000000           17         1.00
      80.703     0.100000        10260         1.11
      80.895     0.200000        21474         1.25
      81.023     0.300000        30308         1.43
      81.151     0.400000        40115         1.67
      81.279     0.500000        50079         2.00
      81.343     0.550000        54767         2.22
      81.471     0.600000        63861         2.50
      81.535     0.650000        67814         2.86
      81.599     0.700000        71174         3.33
      81.727     0.750000        76161         4.00
      81.791     0.775000        77927         4.44
      81.919     0.800000        80888         5.00
      82.047     0.825000        82970         5.71
      82.239     0.850000        84821         6.67
      82.879     0.875000        87292         8.00
      83.263     0.887500        88409         8.89
      83.711     0.900000        89644        10.00
      84.159     0.912500        90914        11.43
      84.607     0.925000        92100        13.33
      85.119     0.937500        93345        16.00
      85.631     0.943750        94027        17.78
      87.615     0.950000        94591        20.00
      92.031     0.956250        95210        22.86
     129.407     0.962500        95832        26.67
     193.663     0.968750        96455        32.00
     246.271     0.971875        96765        35.56
     316.159     0.975000        97076        40.00
     410.879     0.978125        97388        45.71
     628.223     0.981250        97699        53.33
     887.295     0.984375        98010        64.00
    1018.367     0.985938        98165        71.11
    1150.975     0.987500        98323        80.00
    1285.119     0.989062        98477        91.43
    1458.175     0.990625        98633       106.67
    1649.663     0.992188        98788       128.00
    1755.135     0.992969        98866       142.22
    1870.847     0.993750        98943       160.00
    1976.319     0.994531        99021       182.86
    2086.911     0.995313        99099       213.33
    2197.503     0.996094        99177       256.00
    2250.751     0.996484        99215       284.44
    2308.095     0.996875        99254       320.00
    2365.439     0.997266        99293       365.71
    2439.167     0.997656        99332       426.67
    2514.943     0.998047        99371       512.00
    2555.903     0.998242        99390       568.89
    2596.863     0.998437        99410       640.00
    2643.967     0.998633        99429       731.43
    2701.311     0.998828        99449       853.33
    2758.655     0.999023        99468      1024.00
    2793.471     0.999121        99478      1137.78
    2832.383     0.999219        99488      1280.00
    2902.015     0.999316        99497      1462.86
    3088.383     0.999414        99507      1706.67
    3268.607     0.999512        99517      2048.00
    3366.911     0.999561        99522      2275.56
    3463.167     0.999609        99527      2560.00
    3540.991     0.999658        99531      2925.71
    3639.295     0.999707        99536      3413.33
    3737.599     0.999756        99541      4096.00
    3796.991     0.999780        99544      4551.11
    3835.903     0.999805        99546      5120.00
    3874.815     0.999829        99548      5851.43
    3932.159     0.999854        99551      6826.67
    3971.071     0.999878        99553      8192.00
    4012.031     0.999890        99555      9102.22
    4030.463     0.999902        99556     10240.00
    4050.943     0.999915        99557     11702.86
    4069.375     0.999927        99558     13653.33
    4089.855     0.999939        99559     16384.00
    4108.287     0.999945        99560     18204.44
    4128.767     0.999951        99561     20480.00
    4128.767     0.999957        99561     23405.71
    4147.199     0.999963        99562     27306.67
    4147.199     0.999969        99562     32768.00
    4167.679     0.999973        99563     36408.89
    4167.679     0.999976        99563     40960.00
    4167.679     0.999979        99563     46811.43
    4186.111     0.999982        99564     54613.33
    4186.111     0.999985        99564     65536.00
    4186.111     0.999986        99564     72817.78
    4186.111     0.999988        99564     81920.00
    4186.111     0.999989        99564     93622.86
    4206.591     0.999991        99565    109226.67
    4206.591     1.000000        99565          inf
#[Mean    =      113.799, StdDeviation   =      228.880]
#[Max     =     4202.496, Total count    =        99565]
#[Buckets =           27, SubBuckets     =         2048]
----------------------------------------------------------
  119642 requests in 1.00m, 5.19GB read
Requests/sec:   1993.96
Transfer/sec:     88.63MB
