Running 1m test @ http://192.168.6.1/
  4 threads and 200 connections
  Thread calibration: mean lat.: 201.783ms, rate sampling interval: 803ms
  Thread calibration: mean lat.: 241.290ms, rate sampling interval: 959ms
  Thread calibration: mean lat.: 192.184ms, rate sampling interval: 803ms
  Thread calibration: mean lat.: 290.352ms, rate sampling interval: 1342ms
  Thread Stats   Avg      Stdev     Max   +/- Stdev
    Latency   186.09ms  265.34ms   3.68s    94.54%
    Req/Sec   199.90     12.80   234.00     70.95%
  Latency Distribution (HdrHistogram - Recorded Latency)
 50.000%  125.18ms
 75.000%  169.34ms
 90.000%  225.15ms
 99.000%    1.64s 
 99.900%    2.76s 
 99.990%    3.43s 
 99.999%    3.68s 
100.000%    3.68s 

  Detailed Percentile spectrum:
       Value   Percentile   TotalCount 1/(1-Percentile)

      80.383     0.000000            4         1.00
      82.879     0.100000         3994         1.11
      88.255     0.200000         8007         1.25
      98.495     0.300000        11960         1.43
     110.783     0.400000        15944         1.67
     125.183     0.500000        19936         2.00
     132.991     0.550000        21951         2.22
     141.055     0.600000        23921         2.50
     148.607     0.650000        25916         2.86
     158.847     0.700000        27909         3.33
     169.343     0.750000        29908         4.00
     173.951     0.775000        30882         4.44
     178.687     0.800000        31901         5.00
     184.191     0.825000        32891         5.71
     190.079     0.850000        33885         6.67
     198.271     0.875000        34870         8.00
     208.767     0.887500        35367         8.89
     225.151     0.900000        35866        10.00
     245.503     0.912500        36362        11.43
     309.503     0.925000        36860        13.33
     385.023     0.937500        37360        16.00
     436.223     0.943750        37607        17.78
     501.247     0.950000        37856        20.00
     572.415     0.956250        38104        22.86
     666.623     0.962500        38353        26.67
     792.575     0.968750        38602        32.00
     860.159     0.971875        38727        35.56
     947.199     0.975000        38851        40.00
    1043.967     0.978125        38976        45.71
    1157.119     0.981250        39101        53.33
    1295.359     0.984375        39226        64.00
    1375.231     0.985938        39288        71.11
    1475.583     0.987500        39350        80.00
    1568.767     0.989062        39415        91.43
    1680.383     0.990625        39474       106.67
    1791.999     0.992188        39536       128.00
    1859.583     0.992969        39567       142.22
    1927.167     0.993750        39598       160.00
    2003.967     0.994531        39630       182.86
    2113.535     0.995313        39661       213.33
    2185.215     0.996094        39692       256.00
    2252.799     0.996484        39707       284.44
    2297.855     0.996875        39723       320.00
    2347.007     0.997266        39739       365.71
    2410.495     0.997656        39754       426.67
    2488.319     0.998047        39770       512.00
    2508.799     0.998242        39777       568.89
    2576.383     0.998437        39785       640.00
    2633.727     0.998633        39793       731.43
    2691.071     0.998828        39801       853.33
    2799.615     0.999023        39809      1024.00
    2824.191     0.999121        39812      1137.78
    2867.199     0.999219        39816      1280.00
    2940.927     0.999316        39820      1462.86
    2975.743     0.999414        39824      1706.67
    3045.375     0.999512        39828      2048.00
    3123.199     0.999561        39830      2275.56
    3139.583     0.999609        39832      2560.00
    3194.879     0.999658        39834      2925.71
    3217.407     0.999707        39836      3413.33
    3293.183     0.999756        39838      4096.00
    3307.519     0.999780        39839      4551.11
    3330.047     0.999805        39840      5120.00
    3354.623     0.999829        39841      5851.43
    3385.343     0.999854        39842      6826.67
    3434.495     0.999878        39843      8192.00
    3434.495     0.999890        39843      9102.22
    3520.511     0.999902        39845     10240.00
    3520.511     0.999915        39845     11702.86
    3520.511     0.999927        39845     13653.33
    3520.511     0.999939        39845     16384.00
    3520.511     0.999945        39845     18204.44
    3622.911     0.999951        39846     20480.00
    3622.911     0.999957        39846     23405.71
    3622.911     0.999963        39846     27306.67
    3622.911     0.999969        39846     32768.00
    3622.911     0.999973        39846     36408.89
    3680.255     0.999976        39847     40960.00
    3680.255     1.000000        39847          inf
#[Mean    =      186.088, StdDeviation   =      265.341]
#[Max     =     3678.208, Total count    =        39847]
#[Buckets =           27, SubBuckets     =         2048]
----------------------------------------------------------
  47904 requests in 1.00m, 12.77GB read
Requests/sec:    798.35
Transfer/sec:    217.90MB
