Running 1m test @ http://192.168.6.1:80/
  4 threads and 200 connections
  Thread calibration: mean lat.: 91.623ms, rate sampling interval: 240ms
  Thread calibration: mean lat.: 91.895ms, rate sampling interval: 242ms
  Thread calibration: mean lat.: 85.866ms, rate sampling interval: 226ms
  Thread calibration: mean lat.: 160.886ms, rate sampling interval: 690ms
  Thread Stats   Avg      Stdev     Max   +/- Stdev
    Latency    90.12ms  147.09ms   2.96s    95.30%
    Req/Sec   199.86     20.82   278.00     73.01%
  Latency Distribution (HdrHistogram - Recorded Latency)
 50.000%   63.36ms
 75.000%   85.50ms
 90.000%  113.60ms
 99.000%  845.82ms
 99.900%    1.70s 
 99.990%    2.43s 
 99.999%    2.96s 
100.000%    2.96s 

  Detailed Percentile spectrum:
       Value   Percentile   TotalCount 1/(1-Percentile)

      20.383     0.000000            2         1.00
      25.071     0.100000         3984         1.11
      37.247     0.200000         7967         1.25
      44.831     0.300000        11948         1.43
      54.015     0.400000        15927         1.67
      63.359     0.500000        19907         2.00
      67.263     0.550000        21910         2.22
      71.231     0.600000        23887         2.50
      75.519     0.650000        25891         2.86
      80.191     0.700000        27863         3.33
      85.503     0.750000        29860         4.00
      88.063     0.775000        30869         4.44
      91.071     0.800000        31856         5.00
      94.271     0.825000        32858         5.71
      98.431     0.850000        33846         6.67
     103.871     0.875000        34827         8.00
     107.839     0.887500        35321         8.89
     113.599     0.900000        35823        10.00
     125.375     0.912500        36315        11.43
     144.639     0.925000        36815        13.33
     170.751     0.937500        37310        16.00
     193.535     0.943750        37561        17.78
     219.007     0.950000        37808        20.00
     259.327     0.956250        38057        22.86
     307.711     0.962500        38305        26.67
     374.015     0.968750        38554        32.00
     416.511     0.971875        38679        35.56
     455.167     0.975000        38803        40.00
     505.087     0.978125        38928        45.71
     571.903     0.981250        39052        53.33
     654.335     0.984375        39177        64.00
     687.615     0.985938        39238        71.11
     744.959     0.987500        39300        80.00
     801.279     0.989062        39363        91.43
     871.935     0.990625        39424       106.67
     950.783     0.992188        39487       128.00
     999.935     0.992969        39518       142.22
    1037.311     0.993750        39549       160.00
    1096.703     0.994531        39581       182.86
    1151.999     0.995313        39611       213.33
    1222.655     0.996094        39642       256.00
    1261.567     0.996484        39658       284.44
    1296.383     0.996875        39674       320.00
    1350.655     0.997266        39690       365.71
    1410.047     0.997656        39704       426.67
    1464.319     0.998047        39721       512.00
    1489.919     0.998242        39728       568.89
    1569.791     0.998437        39735       640.00
    1601.535     0.998633        39743       731.43
    1648.639     0.998828        39751       853.33
    1759.231     0.999023        39759      1024.00
    1771.519     0.999121        39763      1137.78
    1791.999     0.999219        39766      1280.00
    1839.103     0.999316        39770      1462.86
    1942.527     0.999414        39774      1706.67
    1964.031     0.999512        39778      2048.00
    1998.847     0.999561        39780      2275.56
    2038.783     0.999609        39782      2560.00
    2123.775     0.999658        39784      2925.71
    2125.823     0.999707        39786      3413.33
    2201.599     0.999756        39788      4096.00
    2205.695     0.999780        39789      4551.11
    2271.231     0.999805        39790      5120.00
    2299.903     0.999829        39791      5851.43
    2375.679     0.999854        39792      6826.67
    2428.927     0.999878        39793      8192.00
    2428.927     0.999890        39793      9102.22
    2463.743     0.999902        39794     10240.00
    2463.743     0.999915        39794     11702.86
    2600.959     0.999927        39795     13653.33
    2600.959     0.999939        39795     16384.00
    2600.959     0.999945        39795     18204.44
    2770.943     0.999951        39796     20480.00
    2770.943     0.999957        39796     23405.71
    2770.943     0.999963        39796     27306.67
    2770.943     0.999969        39796     32768.00
    2770.943     0.999973        39796     36408.89
    2957.311     0.999976        39797     40960.00
    2957.311     1.000000        39797          inf
#[Mean    =       90.122, StdDeviation   =      147.087]
#[Max     =     2955.264, Total count    =        39797]
#[Buckets =           27, SubBuckets     =         2048]
----------------------------------------------------------
  47768 requests in 1.00m, 12.73GB read
Requests/sec:    795.67
Transfer/sec:    217.07MB
