34
36
2
2
1
1
1
2
4
1
4
253
6
1
1
1
259
2
2
293
2
2
4
3
12
5
5
2
2
37
75
2
2
2
2
2
2
2
3
81
1
3
5
1
3
21
2
2
1
1
1
5495
335
5815
2
5815
2
1
3
1
2
1
335
335
335
335
335
335
5815
5815
5815
2
1
1103
1103
1
291
2
2
41
28
1681
32
5
5
5
2
2
2
2
5
5
3
4
3
4
3
4
3
4
3
30
1
4
2
5
240
1
1
1
1
13
7
6
5
6
3
5
1
1
3
2
1
1
1
243
157
2
233
4
1
2
6
107
103
2
2
20
2
3
3
3
3
3
3
3
3
2
2
5
260
94
2
5
28
5
2
2
2
2
2
2
2
2
4
396
2
396
20
1
4
1
2
2
1
9
2
36
29
17
1
17
1
3
165
2
3
2
2
541
3
2
3
2
250
2
250
3
1
2
151
2
66
2
686
2
5
4
398
398
4
246
244
4
161
159
127
3
2
2
2
2
2
1
1
6052
6052
163
1
213
6052
6052
163
1
213
1
1
1
1
1
1
1
1
1
1
1
1
1
1
1
1
1
1
1
1
1
1
1
1
469
470
2
2
4
7918
7918
1
8
637
5
22
2
66
2
66
66
2
3
1
1
11
816
816
3
94
10
11
37
5
2
2
2
26
7
7
28
2
59
59
5418
5418
8
5
87
87
1236
5
311
340
4
1
1
136
2
2
3
1
1
2
2
1
1
1
1
1
1
1
1
1
68
2
59
1
1
3
2
5
1
1
5
2
2
66
11
18
3
907
6
1
1
31
31
29
31
80
2
19
8
8
8
8
8
243
243
46
18
15
101
209
2
2
5
4
3
2
1
978
243
507
6
1
4
4
1
2
2
2
5
69
64
414
2
2
5
6
6
2
2
12
1
