       Value   Percentile   TotalCount 1/(1-Percentile)

      11.167     0.000000            1         1.00
      23.423     0.100000        14467         1.11
      25.423     0.200000        28936         1.25
      27.023     0.300000        43422         1.43
      28.431     0.400000        57943         1.67
      29.695     0.500000        72261         2.00
      30.335     0.550000        79614         2.22
      30.975     0.600000        86801         2.50
      31.631     0.650000        93944         2.86
      32.367     0.700000       101150         3.33
      33.247     0.750000       108464         4.00
      33.759     0.775000       112102         4.44
      34.367     0.800000       115625         5.00
      35.167     0.825000       119237         5.71
      36.415     0.850000       122857         6.67
      39.647     0.875000       126441         8.00
      41.951     0.887500       128255         8.89
      43.551     0.900000       130067        10.00
      44.831     0.912500       131852        11.43
      46.079     0.925000       133668        13.33
      47.295     0.937500       135464        16.00
      47.967     0.943750       136382        17.78
      48.735     0.950000       137295        20.00
      49.663     0.956250       138180        22.86
      50.943     0.962500       139069        26.67
      53.919     0.968750       139975        32.00
      57.439     0.971875       140424        35.56
      60.191     0.975000       140877        40.00
      62.111     0.978125       141327        45.71
      64.095     0.981250       141779        53.33
      66.111     0.984375       142238        64.00
      67.327     0.985938       142456        71.11
      68.927     0.987500       142682        80.00
      72.447     0.989062       142908        91.43
      80.191     0.990625       143136       106.67
      88.319     0.992188       143359       128.00
      96.703     0.992969       143472       142.22
     101.951     0.993750       143585       160.00
     108.031     0.994531       143698       182.86
     122.239     0.995313       143810       213.33
     136.703     0.996094       143924       256.00
     146.815     0.996484       143980       284.44
     162.047     0.996875       144036       320.00
     186.879     0.997266       144092       365.71
     228.607     0.997656       144149       426.67
     294.655     0.998047       144205       512.00
     353.791     0.998242       144234       568.89
     412.159     0.998437       144262       640.00
     498.431     0.998633       144290       731.43
     583.679     0.998828       144318       853.33
     688.127     0.999023       144346      1024.00
     765.439     0.999121       144361      1137.78
     842.751     0.999219       144375      1280.00
    1020.927     0.999316       144389      1462.86
    1179.647     0.999414       144403      1706.67
    1392.639     0.999512       144417      2048.00
    1560.575     0.999561       144424      2275.56
    1695.743     0.999609       144431      2560.00
    1817.599     0.999658       144438      2925.71
    1980.415     0.999707       144445      3413.33
    2168.831     0.999756       144452      4096.00
    2308.095     0.999780       144456      4551.11
    2408.447     0.999805       144459      5120.00
    2527.231     0.999829       144463      5851.43
    2627.583     0.999854       144466      6826.67
    2775.039     0.999878       144470      8192.00
    2838.527     0.999890       144472      9102.22
    2871.295     0.999902       144473     10240.00
    2930.687     0.999915       144475     11702.86
    3028.991     0.999927       144477     13653.33
    3053.567     0.999939       144479     16384.00
    3121.151     0.999945       144480     18204.44
    3121.151     0.999951       144480     20480.00
    3143.679     0.999957       144481     23405.71
    3174.399     0.999963       144482     27306.67
    3219.455     0.999969       144483     32768.00
    3260.415     0.999973       144484     36408.89
    3260.415     0.999976       144484     40960.00
    3260.415     0.999979       144484     46811.43
    3336.191     0.999982       144485     54613.33
    3336.191     0.999985       144485     65536.00
    3362.815     0.999986       144486     72817.78
    3362.815     0.999988       144486     81920.00
    3362.815     0.999989       144486     93622.86
    3362.815     0.999991       144486    109226.67
    3362.815     0.999992       144486    131072.00
    3450.879     0.999993       144487    145635.56
    3450.879     1.000000       144487          inf
#[Mean    =       33.773, StdDeviation   =       58.316]
#[Max     =     3448.832, Total count    =       144487]
#[Buckets =           27, SubBuckets     =         2048]