       Value   Percentile   TotalCount 1/(1-Percentile)

      12.647     0.000000            1         1.00
      23.471     0.100000        14505         1.11
      25.455     0.200000        28905         1.25
      26.959     0.300000        43391         1.43
      28.255     0.400000        57933         1.67
      29.391     0.500000        72247         2.00
      29.935     0.550000        79538         2.22
      30.463     0.600000        86764         2.50
      31.023     0.650000        94070         2.86
      31.599     0.700000       101273         3.33
      32.207     0.750000       108417         4.00
      32.559     0.775000       112032         4.44
      32.927     0.800000       115743         5.00
      33.311     0.825000       119217         5.71
      33.759     0.850000       122970         6.67
      34.271     0.875000       126442         8.00
      34.591     0.887500       128276         8.89
      34.943     0.900000       130088        10.00
      35.359     0.912500       131957        11.43
      35.839     0.925000       133658        13.33
      36.511     0.937500       135509        16.00
      36.959     0.943750       136395        17.78
      37.567     0.950000       137274        20.00
      38.559     0.956250       138168        22.86
      40.575     0.962500       139062        26.67
      43.743     0.968750       139970        32.00
      45.215     0.971875       140418        35.56
      46.847     0.975000       140869        40.00
      48.639     0.978125       141326        45.71
      50.271     0.981250       141774        53.33
      52.703     0.984375       142226        64.00
      54.751     0.985938       142449        71.11
      57.951     0.987500       142677        80.00
      60.927     0.989062       142900        91.43
      63.039     0.990625       143126       106.67
      65.407     0.992188       143354       128.00
      66.943     0.992969       143465       142.22
      68.607     0.993750       143579       160.00
      70.975     0.994531       143690       182.86
      77.823     0.995313       143804       213.33
      86.463     0.996094       143916       256.00
      91.903     0.996484       143973       284.44
     104.319     0.996875       144029       320.00
     123.391     0.997266       144085       365.71
     132.607     0.997656       144142       426.67
     156.287     0.998047       144199       512.00
     184.831     0.998242       144227       568.89
     256.639     0.998437       144255       640.00
     350.719     0.998633       144284       731.43
     447.999     0.998828       144311       853.33
     566.783     0.999023       144339      1024.00
     613.375     0.999121       144354      1137.78
     692.223     0.999219       144368      1280.00
     790.527     0.999316       144382      1462.86
     905.215     0.999414       144396      1706.67
    1230.847     0.999512       144410      2048.00
    1443.839     0.999561       144417      2275.56
    1624.063     0.999609       144424      2560.00
    1827.839     0.999658       144431      2925.71
    2142.207     0.999707       144438      3413.33
    2476.031     0.999756       144445      4096.00
    2670.591     0.999780       144449      4551.11
    2789.375     0.999805       144452      5120.00
    2942.975     0.999829       144456      5851.43
    3104.767     0.999854       144459      6826.67
    3471.359     0.999878       144463      8192.00
    3670.015     0.999890       144465      9102.22
    3747.839     0.999902       144466     10240.00
    3913.727     0.999915       144468     11702.86
    4118.527     0.999927       144470     13653.33
    4321.279     0.999939       144472     16384.00
    4395.007     0.999945       144473     18204.44
    4395.007     0.999951       144473     20480.00
    4476.927     0.999957       144474     23405.71
    4562.943     0.999963       144475     27306.67
    4677.631     0.999969       144476     32768.00
    4796.415     0.999973       144477     36408.89
    4796.415     0.999976       144477     40960.00
    4796.415     0.999979       144477     46811.43
    4878.335     0.999982       144478     54613.33
    4878.335     0.999985       144478     65536.00
    4956.159     0.999986       144479     72817.78
    4956.159     0.999988       144479     81920.00
    4956.159     0.999989       144479     93622.86
    4956.159     0.999991       144479    109226.67
    4956.159     0.999992       144479    131072.00
    5054.463     0.999993       144480    145635.56
    5054.463     1.000000       144480          inf
#[Mean    =       31.822, StdDeviation   =       66.639]
#[Max     =     5050.368, Total count    =       144480]
#[Buckets =           27, SubBuckets     =         2048]