       Value   Percentile   TotalCount 1/(1-Percentile)

      58.559     0.000000            1         1.00
      84.799     0.100000        14574         1.11
      88.639     0.200000        29022         1.25
      91.135     0.300000        43529         1.43
      93.055     0.400000        58143         1.67
      94.719     0.500000        72553         2.00
      95.551     0.550000        79856         2.22
      96.383     0.600000        87101         2.50
      97.215     0.650000        94082         2.86
      98.111     0.700000       101183         3.33
      99.135     0.750000       108626         4.00
      99.647     0.775000       111983         4.44
     100.287     0.800000       115694         5.00
     100.991     0.825000       119455         5.71
     101.759     0.850000       122917         6.67
     102.719     0.875000       126488         8.00
     103.295     0.887500       128281         8.89
     103.999     0.900000       130126        10.00
     104.895     0.912500       131930        11.43
     106.111     0.925000       133656        13.33
     108.671     0.937500       135468        16.00
     114.623     0.943750       136356        17.78
     136.063     0.950000       137257        20.00
     155.263     0.956250       138162        22.86
     172.799     0.962500       139062        26.67
     194.687     0.968750       139968        32.00
     229.503     0.971875       140417        35.56
     250.879     0.975000       140869        40.00
     325.887     0.978125       141324        45.71
     430.335     0.981250       141771        53.33
     556.543     0.984375       142224        64.00
     664.063     0.985938       142450        71.11
     871.935     0.987500       142674        80.00
    1191.935     0.989062       142901        91.43
    1569.791     0.990625       143126       106.67
    1954.815     0.992188       143353       128.00
    2170.879     0.992969       143469       142.22
    2359.295     0.993750       143578       160.00
    2580.479     0.994531       143691       182.86
    2815.999     0.995313       143803       213.33
    3102.719     0.996094       143916       256.00
    3317.759     0.996484       143973       284.44
    3596.287     0.996875       144030       320.00
    3977.215     0.997266       144085       365.71
    4485.119     0.997656       144142       426.67
    4984.831     0.998047       144198       512.00
    5218.303     0.998242       144227       568.89
    5533.695     0.998437       144255       640.00
    5697.535     0.998633       144283       731.43
    5746.687     0.998828       144311       853.33
    5812.223     0.999023       144339      1024.00
    5861.375     0.999121       144354      1137.78
    5971.967     0.999219       144369      1280.00
    6115.327     0.999316       144383      1462.86
    6275.071     0.999414       144396      1706.67
    6348.799     0.999512       144412      2048.00
    6373.375     0.999561       144418      2275.56
    6414.335     0.999609       144424      2560.00
    6455.295     0.999658       144431      2925.71
    6705.151     0.999707       144438      3413.33
    6787.071     0.999756       144446      4096.00
    6823.935     0.999780       144450      4551.11
    6836.223     0.999805       144452      5120.00
    6860.799     0.999829       144457      5851.43
    6877.183     0.999854       144460      6826.67
    6889.471     0.999878       144463      8192.00
    6893.567     0.999890       144465      9102.22
    6897.663     0.999902       144466     10240.00
    6922.239     0.999915       144468     11702.86
    6938.623     0.999927       144470     13653.33
    6946.815     0.999939       144472     16384.00
    6955.007     0.999945       144473     18204.44
    6955.007     0.999951       144473     20480.00
    6963.199     0.999957       144474     23405.71
    6975.487     0.999963       144475     27306.67
    6979.583     0.999969       144476     32768.00
    6987.775     0.999973       144477     36408.89
    6987.775     0.999976       144477     40960.00
    6987.775     0.999979       144477     46811.43
    6995.967     0.999982       144478     54613.33
    6995.967     0.999985       144478     65536.00
    7008.255     0.999986       144479     72817.78
    7008.255     0.999988       144479     81920.00
    7008.255     0.999989       144479     93622.86
    7008.255     0.999991       144479    109226.67
    7008.255     0.999992       144479    131072.00
    7032.831     0.999993       144480    145635.56
    7032.831     1.000000       144480          inf
#[Mean    =      134.773, StdDeviation   =      357.565]
#[Max     =     7028.736, Total count    =       144480]
#[Buckets =           27, SubBuckets     =         2048]